0.0705623626709
0.0756978988647
0.0828456878662
0.0641322135925
0.142006874084
0.0580620765686
0.0576663017273
0.0606393814087
0.0594544410706
0.0582027435303
0.0649738311768
0.0584316253662
0.0583291053772
0.0591897964478
0.0564074516296
0.0598549842834
0.0597977638245
0.0556087493896
0.0613260269165
0.0604462623596
0.0592231750488
0.0581216812134
0.0603747367859
0.059380531311
0.059757232666
0.0483250617981
0.0410938262939
0.0575041770935
0.0580167770386
0.0597095489502
0.0619530677795
0.0566124916077
0.059962272644
0.0623202323914
0.0624847412109
0.0602436065674
0.058262348175
0.0606060028076
0.0605511665344
0.0586557388306
0.0591731071472
0.0575184822083
0.0608921051025
0.0582766532898
0.0603699684143
0.057852268219
0.0616574287415
0.053973197937
0.0595140457153
0.0611543655396
0.059711933136
0.0603485107422
0.0587725639343
0.0626468658447
0.0605726242065
0.0600361824036
0.0608658790588
0.0610971450806
0.0575304031372
0.0569748878479
0.0603723526001
0.0589728355408
0.0599098205566
0.0594592094421
0.0623798370361
0.0602960586548
0.0572919845581
0.0550365447998
0.0599050521851
0.0575160980225
0.0588011741638
0.060031414032
0.0600790977478
0.0580835342407
0.0602293014526
0.0631093978882
0.057897567749
0.0590372085571
0.0588512420654
0.0626277923584
0.0578117370605
0.0597667694092
0.0596499443054
0.0571608543396
0.0586032867432
0.0602269172668
0.0582766532898
0.0669026374817
0.0564551353455
0.058650970459
0.0601649284363
0.0607347488403
0.0630927085876
0.0601673126221
0.0591635704041
0.0622987747192
0.0582003593445
0.0616574287415
0.0565052032471
0.0682735443115
