3.71443748474
3.3574461937
3.48697423935
3.29617738724
3.55433225632
3.36922883987
4.5447063446
3.78471136093
4.68104124069
6.80208206177
21.0587477684
13.1194376945
3.50776433945
3.31367492676
3.1339931488
3.75308990479
3.38554620743
4.19011116028
3.31436395645
3.58610391617
3.33619117737
3.38912725449
4.14776325226
3.64505529404
3.31553459167
4.28490161896
3.70655059814
3.42979669571
7.2439789772
15.3440093994
15.0920462608
4.67116355896
4.19786214828
3.68016004562
3.57534885406
4.17016506195
3.61861228943
3.93400192261
4.63484525681
3.21297645569
3.96690130234
3.40127944946
3.75369310379
3.19605350494
3.5081744194
3.29065322876
4.40720081329
17.368850708
15.7093596458
7.97388315201
3.40440511703
3.41139554977
3.30109357834
3.53367328644
3.22453260422
4.18920516968
3.12409877777
3.57550859451
3.2427072525
3.56831073761
3.69915008545
3.40708494186
3.70402097702
3.16775083542
3.35620641708
3.23538064957
7.03032255173
16.3021254539
16.3504838943
3.67033720016
3.57837200165
3.81901025772
3.48808288574
3.14590454102
3.45321655273
4.00433540344
3.66977930069
3.91445398331
3.62182617188
3.41500520706
3.31269979477
3.51411581039
3.16992759705
3.37152242661
3.79117965698
5.0631070137
17.0739817619
13.6612248421
7.25192070007
3.9405632019
3.83700370789
3.43976259232
3.36630344391
3.39774608612
3.3461856842
3.71060848236
3.66850137711
3.20577859879
3.5355091095
3.2208943367
