0.0629425048828
0.0600814819336
0.03981590271
0.028133392334
0.0419616699219
0.0278949737549
0.0300407409668
0.0360012054443
0.032901763916
0.0259876251221
0.0479221343994
0.0429153442383
0.0579357147217
0.0510215759277
0.0660419464111
0.0598430633545
0.0789165496826
0.0419616699219
0.042200088501
0.0529289245605
0.0550746917725
0.0841617584229
0.0560283660889
0.0901222229004
0.0500679016113
0.0770092010498
0.0579357147217
0.125169754028
0.0441074371338
0.0350475311279
0.0269412994385
0.0851154327393
0.0479221343994
0.0410079956055
0.0360012054443
0.0569820404053
0.0600814819336
0.0767707824707
0.0569820404053
0.0519752502441
0.0388622283936
0.053882598877
0.123977661133
0.0410079956055
0.0531673431396
0.0579357147217
0.0579357147217
0.0479221343994
0.0591278076172
0.0839233398438
0.06103515625
0.0519752502441
0.117063522339
0.0569820404053
0.032901763916
0.0379085540771
0.0350475311279
0.0271797180176
0.0369548797607
0.0519752502441
0.0360012054443
0.0710487365723
0.0350475311279
0.0748634338379
0.0441074371338
0.0460147857666
0.0360012054443
0.0300407409668
0.0271797180176
0.0309944152832
0.0350475311279
0.0350475311279
0.0269412994385
0.0560283660889
0.0309944152832
0.0340938568115
0.0498294830322
0.0598430633545
0.0641345977783
0.0841617584229
0.113964080811
0.0500679016113
0.0400543212891
0.0391006469727
0.0431537628174
0.0548362731934
0.0579357147217
0.0569820404053
0.0560283660889
0.1540184021
0.03981590271
0.0510215759277
0.0488758087158
0.053882598877
0.0698566436768
0.0629425048828
0.0672340393066
0.0410079956055
0.0739097595215
0.053882598877
