=== 0 processes ===
0.0405314
0.0407703
0.0398893
0.0407213
0.0411357
0.0396872
0.0403117
0.040106
0.0403692
0.0402244
0.0405022
0.0443104
0.0403193
0.0419311
0.0403598
0.0409506
0.0409523
0.0401792
0.0402106
0.040922

=== 1 processes ===
0.0715988
0.0804814
0.057529
0.0863061
0.0931785
0.0929658
0.077886
0.0907546
0.076308
0.0653032
0.0733901
0.0876209
0.0672666
0.080768
0.0791109
0.0875004
0.0989
0.0854195
0.0835087
0.0831173

=== 2 processes ===
0.108748
0.102255
0.107676
0.098336
0.108114
0.100861
0.0923119
0.105365
0.0989816
0.108001
0.0967484
0.0874027
0.0945856
0.0958032
0.096835
0.101295
0.102531
0.108264
0.105905
0.107447

=== 3 processes ===
0.114783
0.1142
0.111291
0.109477
0.110286
0.114411
0.111558
0.110337
0.110033
0.108797
0.109891
0.111499
0.110125
0.110276
0.111493
0.111788
0.109301
0.110906
0.111569
0.0967907

=== 4 processes ===
0.134397
0.128976
0.147197
0.145303
0.132479
0.131795
0.131813
0.134727
0.129374
0.128766
0.132416
0.136837
0.128584
0.130683
0.129467
0.134222
0.133252
0.13771
0.13413
0.109959

=== 5 processes ===
0.14399
0.142082
0.144404
0.141261
0.142796
0.145065
0.142305
0.144367
0.143245
0.144594
0.145593
0.142401
0.145553
0.140304
0.14315
0.143671
0.145252
0.142002
0.142608
0.131162

=== 6 processes ===
0.150365
0.154048
0.153741
0.150326
0.1572
0.152552
0.154812
0.152091
0.155619
0.158173
0.151086
0.152667
0.153129
0.154941
0.150931
0.158964
0.155634
0.150571
0.152867
0.136147

=== 7 processes ===
0.162441
0.16307
0.166191
0.162361
0.164016
0.164728
0.164246
0.163246
0.166106
0.163665
0.164973
0.168859
0.162517
0.164494
0.165625
0.165217
0.163382
0.16632
0.204951
0.14749

=== 8 processes ===
0.181796
0.179326
0.191671
0.179389
0.178078
0.179067
0.175208
0.175765
0.178482
0.184847
0.176401
0.178305
0.175414
0.176222
0.277037
0.21439
0.175871
0.275132
0.178486
0.14586

=== 9 processes ===
0.190724
0.231694
0.18306
0.187817
0.184541
0.183548
0.188042
0.185445
0.193015
0.190471
0.186198
0.187898
0.191109
0.192778
0.186855
0.254109
0.187805
0.184494
0.187154
0.144069

=== 10 processes ===
0.197797
0.19717
0.195086
0.200843
0.205314
0.195086
0.198435
0.196915
0.197094
0.202948
0.197414
0.202269
0.2098
0.209572
0.204279
0.196667
0.268696
0.199074
0.209947
0.151714

=== 11 processes ===
0.211133
0.252871
0.208576
0.212023
0.209782
0.226434
0.207881
0.209532
0.283538
0.20815
0.217559
0.206146
0.210087
0.212233
0.214797
0.208199
0.221939
0.209481
0.19777
0.157443

=== 12 processes ===
0.222549
0.240175
0.237098
0.34406
0.225075
0.220867
0.218055
0.223386
0.220887
0.229612
0.289964
0.303035
0.280682
0.239777
0.275772
0.252359
0.324634
0.224651
0.197662
0.165245

=== 13 processes ===
0.241986
0.276755
0.239462
0.254556
0.241874
0.316438
0.238178
0.236308
0.235825
0.239637
0.248818
0.24578
0.233646
0.249601
0.23721
0.281056
0.23516
0.248962
0.192055
0.169574

=== 14 processes ===
0.243146
0.245709
0.258548
0.264133
0.251171
0.252773
0.252759
0.249229
0.259982
0.252729
0.25228
0.359822
0.258369
0.363602
0.338404
0.249384
0.254732
0.242794
0.21405
0.170858

=== 15 processes ===
0.315202
0.271888
0.286277
0.262548
0.264407
0.277764
0.279752
0.266168
0.280314
0.277013
0.33626
0.276099
0.281265
0.271332
0.258859
0.272595
0.265939
0.270792
0.215427
0.178366

