=== 0 processes ===
0.11213
0.108377
0.109231
0.111596
0.111477
0.109208
0.109064
0.109081
0.110675
0.110631
0.109792
0.109528
0.109464
0.114034
0.108921
0.11002
0.108637
0.110187
0.109348
0.112704

=== 1 processes ===
0.120624
0.120304
0.119898
0.118935
0.117933
0.118653
0.120544
0.117778
0.118882
0.118889
0.119459
0.117645
0.118183
0.120558
0.119275
0.118564
0.121742
0.133179
0.125531
0.123867

=== 2 processes ===
0.120786
0.119299
0.119741
0.118158
0.121509
0.122069
0.119774
0.119883
0.121778
0.121461
0.119841
0.121904
0.148069
0.122057
0.12195
0.121304
0.123545
0.121829
0.125141
0.120645

=== 3 processes ===
0.127359
0.129698
0.128676
0.127807
0.127333
0.12947
0.128238
0.127873
0.126268
0.126583
0.125
0.125206
0.124241
0.127939
0.130383
0.125797
0.125306
0.127859
0.124407
0.124312

=== 4 processes ===
0.134402
0.133681
0.131773
0.131461
0.133077
0.131995
0.131742
0.132748
0.137066
0.131483
0.132036
0.131329
0.13433
0.132053
0.13154
0.130345
0.134877
0.132207
0.132491
0.131821

=== 5 processes ===
0.136793
0.134667
0.134848
0.138095
0.136093
0.135231
0.134857
0.137262
0.134393
0.135212
0.137169
0.134111
0.13504
0.137869
0.137351
0.135517
0.149594
0.146889
0.136564
0.135024

=== 6 processes ===
0.14199
0.147057
0.141682
0.142164
0.150252
0.156733
0.144413
0.139294
0.148994
0.13973
0.141145
0.144009
0.154165
0.146537
0.149422
0.143193
0.195195
0.149524
0.149277
0.171581

=== 7 processes ===
0.224173
0.190135
0.172717
0.196096
0.172299
0.172108
0.176308
0.18001
0.191422
0.203511
0.173781
0.178101
0.165942
0.165949
0.171256
0.1644
0.163856
0.174109
0.160318
0.155703

=== 8 processes ===
0.186258
0.16799
0.273513
0.176912
0.166918
0.17679
0.168918
0.171587
0.176129
0.175376
0.174114
0.172878
0.169002
0.173364
0.167959
0.164013
0.164856
0.156527
0.158619
0.16715

=== 9 processes ===
0.184361
0.18821
0.199807
0.192218
0.189862
0.199313
0.187143
0.196393
0.224545
0.177936
0.265031
0.184173
0.194463
0.188871
0.246611
0.18765
0.185355
0.197273
0.19364
0.189679

=== 10 processes ===
0.202189
0.204155
0.224842
0.212922
0.229412
0.401857
0.20417
0.204797
0.217623
0.207706
0.222699
0.274492
0.223166
0.207153
0.223081
0.204074
0.222863
0.203028
0.213586
0.295499

=== 11 processes ===
0.249938
0.226642
0.223189
0.238181
0.23491
0.219251
0.226247
0.243606
0.225362
0.247694
0.447762
0.211964
0.259938
0.221999
0.241599
0.213682
0.235121
0.213536
0.219435
0.2743

=== 12 processes ===
0.321164
0.281102
0.297362
0.293698
0.265087
0.251678
0.284071
0.288424
0.252666
0.284627
0.260364
0.284899
0.289179
0.255712
0.336345
0.245022
0.288096
0.25382
0.274334
0.265985

=== 13 processes ===
0.446584
0.359499
0.487684
0.347521
0.418961
0.39542
0.33103
0.346953
0.363225
0.345733
0.330033
0.316234
0.35435
0.345121
0.299566
0.363883
0.338077
0.303643
0.331413
0.297916

=== 14 processes ===
0.615496
0.50979
0.479708
0.482128
0.501259
0.434953
0.39275
0.469911
0.450397
0.386769
0.433976
0.433308
0.384112
0.34988
0.385283
0.510795
0.322644
0.375199
0.320696
0.409524

=== 15 processes ===
0.692157
0.505636
0.540017
0.555693
0.468451
0.510692
0.452203
0.449741
0.495508
0.403392
0.423824
0.439759
0.419446
0.430589
0.429535
0.409863
0.354569
0.359699
0.374132
0.412554

