0.0351977348328
0.0301432609558
0.0318121910095
0.0543165206909
0.0590515136719
0.0686144828796
0.0411820411682
0.0407123565674
0.0374388694763
0.0436902046204
0.0263118743896
0.032262802124
0.0344586372375
0.0276732444763
0.0257587432861
0.0261425971985
0.0261473655701
0.0259280204773
0.0257897377014
0.0254201889038
0.0262260437012
0.0255942344666
0.0268936157227
0.0254702568054
0.0261974334717
0.0253343582153
0.0272178649902
0.0284290313721
0.0259256362915
0.0267052650452
0.0254893302917
0.0254845619202
0.0269055366516
0.0259232521057
0.0255703926086
0.0269341468811
0.0251173973083
0.0264048576355
0.0255560874939
0.025942325592
0.025908946991
0.0256991386414
0.0264143943787
0.0260066986084
0.0259447097778
0.0266051292419
0.0255823135376
0.0253391265869
0.0258588790894
0.0254893302917
0.0267601013184
0.0259780883789
0.0260353088379
0.026707649231
0.0257992744446
0.0255489349365
0.0253939628601
0.0253534317017
0.029890537262
0.0258421897888
0.0252246856689
0.0259375572205
0.0261950492859
0.0259780883789
0.0248885154724
0.0269103050232
0.0252890586853
0.0253987312317
0.0326919555664
0.129506587982
0.0307154655457
0.0328755378723
0.0306415557861
0.0301480293274
0.0311994552612
0.032160282135
0.0306940078735
0.0318717956543
0.0305652618408
0.031909942627
0.0310182571411
0.0319766998291
0.0328707695007
0.0311470031738
0.0308465957642
0.0302124023438
0.0329041481018
0.029513835907
0.0295472145081
0.034511089325
0.0296521186829
0.0306439399719
0.0324606895447
0.0302410125732
0.0302743911743
0.032217502594
0.0296831130981
0.0322937965393
0.0309705734253
0.0310373306274
