0.0366115570068
0.0311946868896
0.0369834899902
0.0339889526367
0.033004283905
0.0303936004639
0.0683188438416
0.0546979904175
0.0465226173401
0.0342988967896
0.0338554382324
0.0359654426575
0.0309467315674
0.0322008132935
0.032787322998
0.0299954414368
0.0317335128784
0.0303721427917
0.0300407409668
0.0328731536865
0.0323247909546
0.0310850143433
0.0334477424622
0.032160282135
0.0323224067688
0.0324678421021
0.030472278595
0.0306129455566
0.0304174423218
0.0327181816101
0.0314617156982
0.0317668914795
0.0331783294678
0.0307750701904
0.029661655426
0.0312447547913
0.0308203697205
0.0318431854248
0.0312733650208
0.0325989723206
0.0344228744507
0.0310325622559
0.0318646430969
0.0323128700256
0.0307154655457
0.0334191322327
0.0309729576111
0.0307202339172
0.0301241874695
0.029764175415
0.0339317321777
0.0308394432068
0.0378489494324
0.0339150428772
0.0306963920593
0.0345706939697
0.029993057251
0.0319600105286
0.0315856933594
0.0304269790649
0.033392906189
0.0307679176331
0.0317358970642
0.0305843353271
0.0307393074036
0.0338530540466
0.034396648407
0.0360083580017
0.0313663482666
0.0383305549622
0.251908302307
0.0528001785278
0.0475573539734
0.052764415741
0.0527143478394
0.0495171546936
0.0522708892822
0.0521349906921
0.0533366203308
0.0538730621338
0.0533032417297
0.0536370277405
0.0525164604187
0.0537061691284
0.050106048584
0.0540685653687
0.0554537773132
0.0505900382996
0.0541138648987
0.0519776344299
0.052530765pi5334
0.0528502464294
0.0532913208008
0.0487279891968
0.0532197952271
0.0528502464294
0.0498485565186
0.0521564483643
0.0514268875122
0.0578713417053
