1.26194953918
0.705003738403
1.17301940918
1.08003616333
1.31893157959
1.94716453552
1.25408172607
0.745058059692
0.762224197388
0.670194625854
0.572919845581
0.578165054321
0.818967819214
1.13201141357
0.664949417114
0.594854354858
0.754117965698
1.14893913269
1.21879577637
0.686883926392
0.72979927063
0.672817230225
0.639915466309
0.62084197998
0.637054443359
0.653982162476
0.680923461914
0.679016113281
0.665903091431
0.59700012207
0.594854354858
0.654935836792
0.613212585449
0.655889511108
0.725030899048
0.679016113281
0.648975372314
0.585079193115
0.661134719849
0.728845596313
0.726938247681
0.72193145752
0.805139541626
1.40595436096
0.813007354736
1.54685974121
0.729084014893
0.69522857666
0.675916671753
0.746965408325
0.690937042236
0.625848770142
0.658988952637
0.762939453125
0.710010528564
0.640153884888
0.658988952637
0.62894821167
0.631093978882
0.648975372314
0.671148300171
0.56791305542
0.566005706787
0.597953796387
0.59700012207
0.593185424805
0.579118728638
0.586986541748
0.696182250977
0.602960586548
0.535011291504
0.587940216064
0.560998916626
0.55980682373
0.581026077271
0.561952590942
0.875949859619
0.609874725342
0.633001327515
0.640153884888
0.57315826416
0.669002532959
0.637054443359
0.802993774414
0.844955444336
0.830888748169
0.795841217041
1.57904624939
0.739097595215
0.689029693604
0.710010528564
0.606060028076
0.625133514404
0.62108039856
0.679016113281
0.684976577759
0.703096389771
0.727891921997
0.704050064087
0.625133514404
