0.0269412994385
0.0250339508057
0.0240802764893
0.0278949737549
0.0231266021729
0.0231266021729
0.0209808349609
0.0739097595215
0.0231266021729
0.0228881835938
0.0209808349609
0.0219345092773
0.0259876251221
0.0569820404053
0.028133392334
0.0259876251221
0.0231266021729
0.0240802764893
0.0259876251221
0.0240802764893
0.0231266021729
0.0209808349609
0.0221729278564
0.0228881835938
0.0221729278564
0.0219345092773
0.0238418579102
0.0219345092773
0.0250339508057
0.0250339508057
0.0240802764893
0.0450611114502
0.0240802764893
0.0228881835938
0.0231266021729
0.0228881835938
0.0259876251221
0.0240802764893
0.0259876251221
0.0228881835938
0.0219345092773
0.0228881835938
0.0200271606445
0.0262260437012
0.0240802764893
0.0221729278564
0.0228881835938
0.0219345092773
0.032901763916
0.0331401824951
0.0431537628174
0.0288486480713
0.0228881835938
0.0238418579102
0.0219345092773
0.0209808349609
0.0250339508057
0.0269412994385
0.0247955322266
0.0209808349609
0.0250339508057
0.0200271606445
0.0250339508057
0.0300407409668
0.0309944152832
0.0228881835938
0.0219345092773
0.0231266021729
0.0219345092773
0.0231266021729
0.0200271606445
0.0178813934326
0.0228881835938
0.0219345092773
0.0278949737549
0.0259876251221
0.0219345092773
0.0240802764893
0.0240802764893
0.0219345092773
0.0231266021729
0.0228881835938
0.0228881835938
0.0238418579102
0.0259876251221
0.0209808349609
0.0219345092773
0.0209808349609
0.0259876251221
0.0250339508057
0.0221729278564
0.0259876251221
0.0219345092773
0.0200271606445
0.0240802764893
0.0410079956055
0.0238418579102
0.2121925354
0.0250339508057
0.0240802764893
