3.97181510925
2.76494026184
2.51793861389
3.15189361572
4.2188167572
3.22198867798
3.15499305725
2.69889831543
3.30400466919
4.04500961304
2.97093391418
2.52103805542
4.09388542175
2.74920463562
2.94899940491
2.79498100281
4.52399253845
2.65097618103
2.69412994385
3.37696075439
3.00598144531
2.65192985535
3.61919403076
3.49903106689
3.82304191589
3.0620098114
4.76002693176
2.55489349365
2.85005569458
3.73005867004
3.52215766907
3.0689239502
2.6707649231
2.8088092804
3.44514846802
2.85315513611
4.23097610474
2.38108634949
2.93517112732
4.25815582275
4.478931427
2.52819061279
3.09300422668
3.00598144531
2.87389755249
3.44896316528
2.96902656555
2.94899940491
3.14712524414
3.64518165588
3.52597236633
3.72099876404
2.58898735046
4.26912307739
3.48091125488
3.86691093445
3.10015678406
107.954978943
2.69103050232
2.91991233826
3.02410125732
4.71496582031
4.25505638123
3.09896469116
3.04412841797
3.26681137085
3.49807739258
2.81596183777
2.68793106079
3.64089012146
2.84004211426
2.76803970337
3.03602218628
2.8350353241
4.13990020752
3.29399108887
3.1111240387
3.65209579468
4.21595573425
3.31687927246
4.10199165344
3.44800949097
4.14896011353
2.33888626099
159.904956818
3.60107421875
3.44204902649
3.87406349182
2.86102294922
3.07703018188
3.13496589661
2.78997421265
3.16381454468
4.26888465881
3.85999679565
2.96211242676
3.99899482727
3.57389450073
3.56388092041
4.18019294739
