Array size: 4096x4Byte
8	3.57877
32	3.48907
128	3.49364
512	3.51
2048	4.01
Array size: 8192x4Byte
8	10.6794
32	3.99981
128	3.63415
512	4.16647
2048	4.032
Array size: 16384x4Byte
8	16.125
32	9.85199
128	3.71907
512	3.92727
2048	4.75667
Array size: 32768x4Byte
8	40.9486
32	11.2713
128	4.21366
512	3.66785
2048	4.20706
Array size: 65536x4Byte
8	14.3532
32	34.7588
128	9.31012
512	10.8258
2048	12.5964
Array size: 131072x4Byte
8	13.7767
32	35.1546
128	12.7145
512	18.1826
2048	10.0698
Array size: 262144x4Byte
8	13.675
32	37.9451
128	30.6586
512	17.9664
2048	12.0449
Array size: 524288x4Byte
8	54.4996
32	57.7489
128	40.8246
512	26.1156
2048	17.0556
Array size: 1048576x4Byte
8	36.6634
32	134.406
128	56.2865
512	59.3632
2048	41.6919
Array size: 2097152x4Byte
8	70.3126
32	237.78
128	80.0516
512	57.5869
2048	45.566
Array size: 4194304x4Byte
8	37.3428
32	208.299
128	222.054
512	90.3125
2048	60.8109
Array size: 8388608x4Byte
8	51.6905
32	337.417
128	252.844
512	77.2249
2048	80.3377
Array size: 16777216x4Byte
8	38.8895
32	234.531
128	269.461
512	243.379
2048	71.9652
Array size: 33554432x4Byte
8	40.5514
32	280.696
128	285.368
512	329.755
2048	112.78
