=== 0 processes ===
0.111833
0.109705
0.109254
0.108515
0.112627
0.110884
0.109724
0.110749
0.111656
0.109509
0.109451
0.110445
0.109118
0.1109
0.109447
0.109514
0.110658
0.111416
0.139516
0.111436

=== 1 processes ===
0.11824
0.123494
0.178953
0.118143
0.118385
0.120261
0.119396
0.118346
0.117391
0.119712
0.119968
0.11954
0.119637
0.121736
0.119578
0.110877
0.108954
0.10897
0.111271
0.108544

=== 2 processes ===
0.119948
0.121808
0.129359
0.12264
0.125103
0.122865
0.123295
0.126575
0.136426
0.12603
0.141329
0.147571
0.127206
0.124089
0.12475
0.122776
0.121456
0.12287
0.126094
0.157006

=== 3 processes ===
0.126125
0.127009
0.126941
0.127749
0.126509
0.12662
0.127193
0.125649
0.128594
0.127995
0.129827
0.129134
0.140961
0.129795
0.126762
0.126163
0.129947
0.126848
0.126189
0.123838

=== 4 processes ===
0.140411
0.135202
0.138607
0.137642
0.131771
0.133703
0.132546
0.131938
0.132962
0.13487
0.132846
0.133956
0.131787
0.134859
0.131153
0.130852
0.131511
0.13374
0.132313
0.131556

=== 5 processes ===
0.148869
0.14565
0.145739
0.145095
0.149656
0.228831
0.145873
0.147385
0.146707
0.143507
0.148574
0.143859
0.145454
0.150625
0.144576
0.156663
0.146754
0.142383
0.139137
0.137901

=== 6 processes ===
0.160991
0.158142
0.15252
0.159037
0.153281
0.155001
0.154221
0.162811
0.157928
0.157932
0.164968
0.153565
0.153798
0.162047
0.157615
0.155927
0.157854
0.155461
0.146478
0.152079

=== 7 processes ===
0.166284
0.16176
0.180813
0.165825
0.163237
0.166571
0.167676
0.169185
0.181875
0.166121
0.163322
0.171148
0.167166
0.163277
0.174261
0.169922
0.166136
0.159377
0.146862
0.145598

=== 8 processes ===
0.198684
0.195209
0.178417
0.186085
0.181716
0.186644
0.182724
0.181547
0.192763
0.199492
0.188742
0.198235
0.182168
0.191238
0.187315
0.180734
0.182092
0.154781
0.150704
0.158246

=== 9 processes ===
0.203145
0.20217
0.19551
0.18837
0.195296
0.18909
0.187425
0.192911
0.23036
0.192859
0.210467
0.198211
0.198575
0.189975
0.212756
0.187907
0.177587
0.167581
0.270994
0.187678

=== 10 processes ===
0.211688
0.231688
0.216134
0.203201
0.204013
0.203072
0.211066
0.211461
0.210473
0.216825
0.199101
0.219103
0.196323
0.222396
0.199725
0.219753
0.180876
0.244363
0.171439
0.170602

=== 11 processes ===
0.238155
0.237758
0.233891
0.28483
0.212551
0.221862
0.217657
0.323302
0.22598
0.216128
0.270331
0.21912
0.252792
0.218521
0.22482
0.210876
0.194908
0.200335
0.18506
0.183691

=== 12 processes ===
0.253418
0.237759
0.272209
0.25411
0.230004
0.243224
0.22192
0.23874
0.250384
0.2775
0.272127
0.244935
0.221819
0.273482
0.224155
0.206843
0.192643
0.190829
0.235966
0.218409

=== 13 processes ===
0.300013
0.246761
0.288232
0.347905
0.218289
0.282722
0.238278
0.267577
0.244021
0.276501
0.23113
0.277654
0.251379
0.250268
0.342741
0.191804
0.200601
0.219021
0.204502
0.24019

=== 14 processes ===
0.308965
0.353207
0.272494
0.268761
0.266195
0.251522
0.268324
0.310186
0.290076
0.273469
0.278447
0.293743
0.262521
0.29191
0.362185
0.209444
0.222204
0.193774
0.205822
0.221426

=== 15 processes ===
0.446833
0.263337
0.293053
0.334761
0.300048
0.321126
0.327434
0.347485
0.32586
0.317064
0.28874
0.32026
0.364485
0.297659
0.300594
0.225274
0.333922
0.231115
0.248069
0.22979

