=== 0 processes ===
0.0505154
0.0530699
0.0500454
0.0492276
0.0566768
0.0493484
0.0500533
0.0495638
0.0590912
0.051404
0.0511133
0.051122
0.0489845
0.0484003
0.0553552
0.0481129
0.0468375
0.0508787
0.0535284
0.0502485

=== 1 processes ===
0.0881032
0.0906989
0.0723032
0.0797275
0.0700391
0.111809
0.093743
0.089921
0.100882
0.0851263
0.0718144
0.0715623
0.0825134
0.0869581
0.0907835
0.0713979
0.0773158
0.0676438
0.0891226
0.105413

=== 2 processes ===
0.16833
0.137281
0.10855
0.0937451
0.0800324
0.109509
0.114389
0.0920393
0.0933184
0.116847
0.0721479
0.0813287
0.103483
0.0794214
0.0883674
0.0716539
0.0786702
0.0910302
0.0763593
0.0891868

=== 3 processes ===
0.106066
0.0757864
0.107416
0.115322
0.11203
0.124658
0.166434
0.0949628
0.109673
0.10885
0.105174
0.108121
0.102844
0.109716
0.110502
0.10024
0.118142
0.10625
0.114315
0.114904

=== 4 processes ===
0.139239
0.137404
0.139573
0.133863
0.136723
0.123619
0.134165
0.130239
0.152619
0.146616
0.146989
0.135323
0.140531
0.139555
0.123541
0.139271
0.137514
0.136921
0.135511
0.134358

=== 5 processes ===
0.154672
0.151635
0.152368
0.148011
0.149108
0.16088
0.152508
0.150572
0.151987
0.154705
0.1538
0.152769
0.150946
0.155356
0.150955
0.151027
0.147651
0.14884
0.149031
0.145716

=== 6 processes ===
0.152241
0.155643
0.154487
0.153353
0.154545
0.148224
0.148701
0.148668
0.155478
0.151828
0.148021
0.151132
0.150184
0.152407
0.15205
0.156922
0.148057
0.155281
0.150067
0.14677

=== 7 processes ===
0.153264
0.166583
0.155216
0.152624
0.156601
0.154488
0.163202
0.162946
0.160275
0.160481
0.159702
0.156269
0.169286
0.17084
0.159099
0.164403
0.170417
0.153375
0.176436
0.14949

=== 8 processes ===
0.169158
0.189864
0.181963
0.22364
0.2055
0.166353
0.169716
0.179327
0.168267
0.164614
0.172463
0.251071
0.207593
0.171198
0.168212
0.176651
0.180795
0.279377
0.179727
0.159153

=== 9 processes ===
0.189371
0.18769
0.178647
0.198948
0.180551
0.196178
0.187766
0.183417
0.17948
0.209627
0.205785
0.187302
0.190184
0.184613
0.184851
0.178797
0.204541
0.179707
0.176904
0.163424

=== 10 processes ===
0.215262
0.202665
0.216265
0.224616
0.20412
0.213031
0.209684
0.208789
0.207389
0.191455
0.230505
0.195299
0.190834
0.197449
0.194136
0.201471
0.273908
0.201172
0.174749
0.170526

=== 11 processes ===
0.24322
0.217318
0.223613
0.221111
0.237926
0.225946
0.23746
0.2112
0.209971
0.229925
0.219214
0.273023
0.252619
0.243998
0.226208
0.220946
0.214553
0.250084
0.215
0.197545

=== 12 processes ===
0.237219
0.231538
0.247563
0.275117
0.226707
0.267065
0.238967
0.276161
0.219476
0.226772
0.233122
0.222449
0.261458
0.254057
0.226888
0.258509
0.238831
0.222845
0.216101
0.202591

=== 13 processes ===
0.268895
0.303918
0.23698
0.271314
0.264626
0.268958
0.264209
0.244464
0.240473
0.280395
0.299833
0.257894
0.239841
0.261388
0.290819
0.235093
0.236333
0.295518
0.234382
0.208771

=== 14 processes ===
0.324231
0.277409
0.266404
0.275211
0.262355
0.246552
0.363179
0.274707
0.256821
0.280237
0.249129
0.261235
0.250595
0.289913
0.255749
0.293613
0.292021
0.22874
0.210095
0.307345

=== 15 processes ===
0.261319
0.316825
0.319799
0.30926
0.396763
0.263408
0.320139
0.350115
0.280729
0.316892
0.287522
0.285492
0.280959
0.282941
0.320071
0.305025
0.292492
0.252801
0.258528
0.223494

